********************hos_f 1.2 cap_f 1.1 reg_f 1.1 mallow_doc 0.2 mallow_hos 0.2 mallow_reg 0.2********************
GDA-RH
[34.9, 59.45, 83.6, 107.9, 132.05, 156.0, 178.5, 196.65, 200.0, 200.0]
GDA-RO
[25.15, 50.35, 73.9, 99.4, 126.5, 152.25, 178.2, 196.65, 200.0, 200.0]
ADA
[35.1, 58.05, 81.4, 104.75, 127.6, 151.15, 173.25, 191.9, 200.0, 200.0]

********************hos_f 1.2 cap_f 1.1 reg_f 1.1 mallow_doc 0.5 mallow_hos 0.5 mallow_reg 0.5********************
GDA-RH
[67.25, 98.85, 123.5, 147.0, 167.0, 184.6, 196.3, 199.95, 200.0, 200.0]
GDA-RO
[40.85, 76.35, 108.75, 140.95, 169.8, 187.45, 197.35, 199.95, 200.0, 200.0]
ADA
[69.9, 98.4, 122.0, 144.0, 163.2, 180.85, 192.85, 198.95, 200.0, 200.0]

********************hos_f 1.2 cap_f 1.1 reg_f 1.1 mallow_doc 0.8 mallow_hos 0.8 mallow_reg 0.8********************
GDA-RH
[150.65, 177.7, 190.6, 195.75, 198.5, 199.5, 199.95, 200.0, 200.0, 200.0]
GDA-RO
[128.7, 178.7, 195.05, 199.25, 199.95, 200.0, 200.0, 200.0, 200.0, 200.0]
ADA
[146.0, 173.6, 187.15, 193.95, 197.45, 199.05, 199.85, 200.0, 200.0, 200.0]

********************hos_f 1.5 cap_f 1.1 reg_f 1.1 mallow_doc 0.2 mallow_hos 0.2 mallow_reg 0.2********************
GDA-RH
[41.55, 73.2, 102.45, 132.25, 160.4, 186.95, 199.4, 200.0, 200.0, 200.0]
GDA-RO
[32.85, 64.6, 96.15, 129.85, 161.15, 187.45, 199.35, 200.0, 200.0, 200.0]
ADA
[34.65, 58.85, 80.8, 103.05, 126.85, 150.6, 173.65, 191.9, 200.0, 200.0]

********************hos_f 1.5 cap_f 1.1 reg_f 1.1 mallow_doc 0.5 mallow_hos 0.5 mallow_reg 0.5********************
GDA-RH
[74.3, 111.35, 143.0, 168.05, 187.45, 197.5, 199.85, 200.0, 200.0, 200.0]
GDA-RO
[53.0, 98.95, 138.55, 169.95, 189.25, 197.8, 199.8, 200.0, 200.0, 200.0]
ADA
[68.25, 99.15, 123.15, 143.3, 163.4, 181.0, 192.05, 199.4, 200.0, 200.0]

********************hos_f 1.5 cap_f 1.1 reg_f 1.1 mallow_doc 0.8 mallow_hos 0.8 mallow_reg 0.8********************
GDA-RH
[163.5, 190.6, 198.8, 199.75, 200.0, 200.0, 200.0, 200.0, 200.0, 200.0]
GDA-RO
[161.25, 193.25, 198.9, 200.0, 200.0, 200.0, 200.0, 200.0, 200.0, 200.0]
ADA
[149.15, 175.2, 188.65, 195.15, 198.2, 199.45, 199.9, 200.0, 200.0, 200.0]

********************hos_f 2.0 cap_f 1.1 reg_f 1.1 mallow_doc 0.2 mallow_hos 0.2 mallow_reg 0.2********************
GDA-RH
[50.15, 88.05, 123.7, 160.45, 189.35, 199.45, 200.0, 200.0, 200.0, 200.0]
GDA-RO
[45.3, 85.4, 124.25, 162.3, 188.85, 199.1, 199.95, 200.0, 200.0, 200.0]
ADA
[34.95, 58.95, 82.15, 105.5, 126.9, 151.1, 172.6, 191.6, 200.0, 200.0]

********************hos_f 2.0 cap_f 1.1 reg_f 1.1 mallow_doc 0.5 mallow_hos 0.5 mallow_reg 0.5********************
GDA-RH
[91.9, 138.9, 174.85, 192.3, 197.6, 199.5, 200.0, 200.0, 200.0, 200.0]
GDA-RO
[83.4, 138.45, 175.45, 192.25, 197.5, 199.45, 200.0, 200.0, 200.0, 200.0]
ADA
[67.8, 96.85, 123.9, 146.65, 165.0, 181.6, 194.7, 199.95, 200.0, 200.0]

********************hos_f 2.0 cap_f 1.1 reg_f 1.1 mallow_doc 0.8 mallow_hos 0.8 mallow_reg 0.8********************
GDA-RH
[178.75, 197.1, 199.55, 199.9, 200.0, 200.0, 200.0, 200.0, 200.0, 200.0]
GDA-RO
[178.7, 196.65, 199.45, 199.9, 200.0, 200.0, 200.0, 200.0, 200.0, 200.0]
ADA
[146.25, 174.35, 187.75, 194.35, 197.7, 199.45, 200.0, 200.0, 200.0, 200.0]

